0.0,0.0,0.0,0.0,0.0,0.0,0.0,0.0,0.0,0.0,0.0,0.0
0.0,8.421052631578949,0.0,0.0,0.0,0.0,0.0,0.0,0.1,0.1,0.1,0.1
-0.40526315789473694,13.684210526315791,1.0526315789473686,0.0,0.0,0.0,0.0,0.0,0.15000000000000002,0.15000000000000002,0.15000000000000002,0.2
-0.8105263157894739,18.947368421052634,2.105263157894737,0.0,0.0,0.0,0.0,0.0,0.2,0.2,0.2,0.30000000000000004
-1.2157894736842108,24.210526315789476,3.1578947368421058,0.0,0.0,0.0,0.0,0.0,0.25,0.25,0.25,0.4
-1.6210526315789477,29.47368421052632,4.210526315789474,0.0,0.0,0.0,0.0,0.0,0.3,0.3,0.3,0.5
-2.0263157894736845,34.73684210526316,5.2631578947368425,0.0,0.0,0.0,0.0,0.0,0.35,0.35,0.35,0.6
-2.4315789473684215,40.0,6.315789473684211,0.0,0.0,0.0,0.0,0.0,0.39999999999999997,0.39999999999999997,0.39999999999999997,0.7
-2.8368421052631585,45.26315789473684,7.368421052631579,0.0,0.0,0.0,0.0,0.0,0.44999999999999996,0.44999999999999996,0.44999999999999996,0.7999999999999999
-3.2421052631578955,50.526315789473685,8.421052631578947,0.0,0.0,0.0,0.0,0.0,0.49999999999999994,0.49999999999999994,0.49999999999999994,0.8999999999999999
-3.6473684210526325,55.78947368421053,9.473684210526315,0.0,0.0,0.0,0.0,0.0,0.5499999999999999,0.5499999999999999,0.5499999999999999,0.9999999999999999
-4.052631578947369,61.05263157894737,10.526315789473683,0.0,0.0,0.0,0.0,0.0,0.6,0.6,0.6,1.0999999999999999
-4.457894736842106,66.3157894736842,11.578947368421051,0.0,0.0,0.0,0.0,0.0,0.65,0.65,0.65,1.2
-4.863157894736843,71.57894736842104,12.63157894736842,0.0,0.0,0.0,0.0,0.0,0.7000000000000001,0.7000000000000001,0.7000000000000001,1.3
-5.26842105263158,76.84210526315788,13.684210526315788,0.0,0.0,0.0,0.0,0.0,0.7500000000000001,0.7500000000000001,0.7500000000000001,1.4000000000000001
-5.673684210526317,82.10526315789471,14.736842105263156,0.0,0.0,0.0,0.0,0.0,0.8000000000000002,0.8000000000000002,0.8000000000000002,1.5000000000000002
-6.078947368421054,87.36842105263155,15.789473684210524,0.0,0.0,0.0,0.0,0.0,0.8500000000000002,0.8500000000000002,0.8500000000000002,1.6000000000000003
-6.484210526315791,92.63157894736838,16.842105263157894,0.0,0.0,0.0,0.0,0.0,0.9000000000000002,0.9000000000000002,0.9000000000000002,1.7000000000000004
-6.889473684210528,97.89473684210522,17.894736842105264,0.0,0.0,0.0,0.0,0.0,0.9500000000000003,0.9500000000000003,0.9500000000000003,1.8000000000000005
-7.294736842105265,103.15789473684205,18.947368421052634,0.0,0.0,0.0,0.0,0.0,1.0000000000000002,1.0000000000000002,1.0000000000000002,1.9000000000000006
-7.700000000000002,108.42105263157889,20.000000000000004,0.0,0.0,0.0,0.0,0.0,1.0500000000000003,1.0500000000000003,1.0500000000000003,2.0000000000000004
-8.105263157894738,113.68421052631572,21.052631578947373,0.0,0.0,0.0,0.0,0.0,1.1000000000000003,1.1000000000000003,1.1000000000000003,2.1000000000000005
-8.510526315789475,118.94736842105256,22.105263157894743,0.0,0.0,0.0,0.0,0.0,1.1500000000000004,1.1500000000000004,1.1500000000000004,2.2000000000000006
-8.915789473684212,124.2105263157894,23.157894736842113,0.0,0.0,0.0,0.0,0.0,1.2000000000000004,1.2000000000000004,1.2000000000000004,2.3000000000000007
-9.321052631578949,129.47368421052624,24.210526315789483,0.0,0.0,0.0,0.0,0.0,1.2500000000000004,1.2500000000000004,1.2500000000000004,2.400000000000001
-9.726315789473686,134.7368421052631,25.263157894736853,0.0,0.0,0.0,0.0,0.0,1.3000000000000005,1.3000000000000005,1.3000000000000005,2.500000000000001
-10.131578947368423,139.99999999999994,26.315789473684223,0.0,0.0,0.0,0.0,0.0,1.3500000000000005,1.3500000000000005,1.3500000000000005,2.600000000000001
-10.53684210526316,145.2631578947368,27.368421052631593,0.0,0.0,0.0,0.0,0.0,1.4000000000000006,1.4000000000000006,1.4000000000000006,2.700000000000001
-10.942105263157897,150.52631578947364,28.421052631578963,0.0,0.0,0.0,0.0,0.0,1.4500000000000006,1.4500000000000006,1.4500000000000006,2.800000000000001
-11.347368421052634,155.7894736842105,29.473684210526333,0.0,0.0,0.0,0.0,0.0,1.5000000000000007,1.5000000000000007,1.5000000000000007,2.9000000000000012
-11.752631578947371,161.05263157894734,30.526315789473703,0.0,0.0,0.0,0.0,0.0,1.5500000000000007,1.5500000000000007,1.5500000000000007,3.0000000000000013
-12.157894736842108,166.3157894736842,31.578947368421073,0.0,0.0,0.0,0.0,0.0,1.6000000000000008,1.6000000000000008,1.6000000000000008,3.1000000000000014
-12.563157894736845,171.57894736842104,32.63157894736844,0.0,0.0,0.0,0.0,0.0,1.6500000000000008,1.6500000000000008,1.6500000000000008,3.2000000000000015
-12.968421052631582,176.8421052631579,33.68421052631581,0.0,0.0,0.0,0.0,0.0,1.7000000000000008,1.7000000000000008,1.7000000000000008,3.3000000000000016
-13.373684210526319,182.10526315789474,34.73684210526318,0.0,0.0,0.0,0.0,0.0,1.7500000000000009,1.7500000000000009,1.7500000000000009,3.4000000000000017
-13.778947368421056,187.3684210526316,35.78947368421055,0.0,0.0,0.0,0.0,0.0,1.800000000000001,1.800000000000001,1.800000000000001,3.5000000000000018
-14.184210526315793,192.63157894736844,36.84210526315792,0.0,0.0,0.0,0.0,0.0,1.850000000000001,1.850000000000001,1.850000000000001,3.600000000000002
-14.58947368421053,197.8947368421053,37.89473684210529,0.0,0.0,0.0,0.0,0.0,1.900000000000001,1.900000000000001,1.900000000000001,3.700000000000002
-14.994736842105267,203.15789473684214,38.94736842105266,0.0,0.0,0.0,0.0,0.0,1.950000000000001,1.950000000000001,1.950000000000001,3.800000000000002
-15.400000000000004,208.421052631579,40.00000000000003,0.0,0.0,0.0,0.0,0.0,2.000000000000001,2.000000000000001,2.000000000000001,3.900000000000002
-15.805263157894741,213.68421052631584,41.0526315789474,0.0,0.0,0.0,0.0,0.0,2.0500000000000007,2.0500000000000007,2.0500000000000007,4.000000000000002
-16.210526315789476,218.9473684210527,42.10526315789477,0.0,0.0,0.0,0.0,0.0,2.1000000000000005,2.1000000000000005,2.1000000000000005,4.100000000000001
-16.615789473684213,224.21052631578954,43.15789473684214,0.0,0.0,0.0,0.0,0.0,2.1500000000000004,2.1500000000000004,2.1500000000000004,4.200000000000001
-17.02105263157895,229.4736842105264,44.21052631578951,0.0,0.0,0.0,0.0,0.0,2.2,2.2,2.2,4.300000000000001
-17.426315789473687,234.73684210526324,45.26315789473688,0.0,0.0,0.0,0.0,0.0,2.25,2.25,2.25,4.4
-17.831578947368424,240.00000000000009,46.31578947368425,0.0,0.0,0.0,0.0,0.0,2.3,2.3,2.3,4.5
-18.23684210526316,245.26315789473693,47.36842105263162,0.0,0.0,0.0,0.0,0.0,2.3499999999999996,2.3499999999999996,2.3499999999999996,4.6
-18.642105263157898,250.52631578947378,48.42105263157899,0.0,0.0,0.0,0.0,0.0,2.3999999999999995,2.3999999999999995,2.3999999999999995,4.699999999999999
-19.047368421052635,255.78947368421063,49.47368421052636,0.0,0.0,0.0,0.0,0.0,2.4499999999999993,2.4499999999999993,2.4499999999999993,4.799999999999999
-19.452631578947372,261.05263157894746,50.52631578947373,0.0,0.0,0.0,0.0,0.0,2.499999999999999,2.499999999999999,2.499999999999999,4.899999999999999
-19.85789473684211,266.3157894736843,51.5789473684211,0.0,0.0,0.0,0.0,0.0,2.549999999999999,2.549999999999999,2.549999999999999,4.999999999999998
-20.263157894736846,271.5789473684211,52.63157894736847,0.0,0.0,0.0,0.0,0.0,2.5999999999999988,2.5999999999999988,2.5999999999999988,5.099999999999998
-20.668421052631583,276.8421052631579,53.68421052631584,0.0,0.0,0.0,0.0,0.0,2.6499999999999986,2.6499999999999986,2.6499999999999986,5.1999999999999975
-21.07368421052632,282.10526315789474,54.73684210526321,0.0,0.0,0.0,0.0,0.0,2.6999999999999984,2.6999999999999984,2.6999999999999984,5.299999999999997
-21.478947368421057,287.36842105263156,55.78947368421058,0.0,0.0,0.0,0.0,0.0,2.7499999999999982,2.7499999999999982,2.7499999999999982,5.399999999999997
-21.884210526315794,292.6315789473684,56.84210526315795,0.0,0.0,0.0,0.0,0.0,2.799999999999998,2.799999999999998,2.799999999999998,5.4999999999999964
-22.28947368421053,297.8947368421052,57.89473684210532,0.0,0.0,0.0,0.0,0.0,2.849999999999998,2.849999999999998,2.849999999999998,5.599999999999996
-22.694736842105268,303.157894736842,58.94736842105269,0.0,0.0,0.0,0.0,0.0,2.8999999999999977,2.8999999999999977,2.8999999999999977,5.699999999999996
-23.100000000000005,308.42105263157885,60.00000000000006,0.0,0.0,0.0,0.0,0.0,2.9499999999999975,2.9499999999999975,2.9499999999999975,5.799999999999995
-23.505263157894742,313.68421052631567,61.05263157894743,0.0,0.0,0.0,0.0,0.0,2.9999999999999973,2.9999999999999973,2.9999999999999973,5.899999999999995
-23.91052631578948,318.9473684210525,62.1052631578948,0.0,0.0,0.0,0.0,0.0,3.049999999999997,3.049999999999997,3.049999999999997,5.999999999999995
-24.315789473684216,324.2105263157893,63.15789473684217,0.0,0.0,0.0,0.0,0.0,3.099999999999997,3.099999999999997,3.099999999999997,6.099999999999994
-24.721052631578953,329.47368421052613,64.21052631578954,0.0,0.0,0.0,0.0,0.0,3.149999999999997,3.149999999999997,3.149999999999997,6.199999999999994
-25.12631578947369,334.73684210526295,65.2631578947369,0.0,0.0,0.0,0.0,0.0,3.1999999999999966,3.1999999999999966,3.1999999999999966,6.299999999999994
-25.531578947368427,339.9999999999998,66.31578947368428,0.0,0.0,0.0,0.0,0.0,3.2499999999999964,3.2499999999999964,3.2499999999999964,6.399999999999993
-25.936842105263164,345.2631578947366,67.36842105263165,0.0,0.0,0.0,0.0,0.0,3.2999999999999963,3.2999999999999963,3.2999999999999963,6.499999999999993
-26.3421052631579,350.5263157894734,68.42105263157902,0.0,0.0,0.0,0.0,0.0,3.349999999999996,3.349999999999996,3.349999999999996,6.5999999999999925
-26.747368421052638,355.78947368421024,69.47368421052639,0.0,0.0,0.0,0.0,0.0,3.399999999999996,3.399999999999996,3.399999999999996,6.699999999999992
-27.152631578947375,361.05263157894706,70.52631578947376,0.0,0.0,0.0,0.0,0.0,3.4499999999999957,3.4499999999999957,3.4499999999999957,6.799999999999992
-27.557894736842112,366.3157894736839,71.57894736842113,0.0,0.0,0.0,0.0,0.0,3.4999999999999956,3.4999999999999956,3.4999999999999956,6.8999999999999915
-27.96315789473685,371.5789473684207,72.6315789473685,0.0,0.0,0.0,0.0,0.0,3.5499999999999954,3.5499999999999954,3.5499999999999954,6.999999999999991
-28.368421052631586,376.8421052631575,73.68421052631587,0.0,0.0,0.0,0.0,0.0,3.599999999999995,3.599999999999995,3.599999999999995,7.099999999999991
-28.773684210526323,382.10526315789434,74.73684210526324,0.0,0.0,0.0,0.0,0.0,3.649999999999995,3.649999999999995,3.649999999999995,7.19999999999999
-29.17894736842106,387.36842105263116,75.7894736842106,0.0,0.0,0.0,0.0,0.0,3.699999999999995,3.699999999999995,3.699999999999995,7.29999999999999
-29.584210526315797,392.631578947368,76.84210526315798,0.0,0.0,0.0,0.0,0.0,3.7499999999999947,3.7499999999999947,3.7499999999999947,7.39999999999999
-29.989473684210534,397.8947368421048,77.89473684210535,0.0,0.0,0.0,0.0,0.0,3.7999999999999945,3.7999999999999945,3.7999999999999945,7.499999999999989
-30.39473684210527,403.1578947368416,78.94736842105272,0.0,0.0,0.0,0.0,0.0,3.8499999999999943,3.8499999999999943,3.8499999999999943,7.599999999999989
-30.800000000000008,408.42105263157845,80.00000000000009,0.0,0.0,0.0,0.0,0.0,3.899999999999994,3.899999999999994,3.899999999999994,7.699999999999989
-31.205263157894745,413.68421052631527,81.05263157894746,0.0,0.0,0.0,0.0,0.0,3.949999999999994,3.949999999999994,3.949999999999994,7.799999999999988
-31.610526315789482,418.9473684210521,82.10526315789483,0.0,0.0,0.0,0.0,0.0,3.999999999999994,3.999999999999994,3.999999999999994,7.899999999999988
-32.015789473684215,424.2105263157889,83.1578947368422,0.0,0.0,0.0,0.0,0.0,4.049999999999994,4.049999999999994,4.049999999999994,7.999999999999988
-32.42105263157895,429.47368421052573,84.21052631578956,0.0,0.0,0.0,0.0,0.0,4.099999999999993,4.099999999999993,4.099999999999993,8.099999999999987
-32.82631578947369,434.73684210526255,85.26315789473693,0.0,0.0,0.0,0.0,0.0,4.149999999999993,4.149999999999993,4.149999999999993,8.199999999999987
-33.231578947368426,439.9999999999994,86.3157894736843,0.0,0.0,0.0,0.0,0.0,4.199999999999993,4.199999999999993,4.199999999999993,8.299999999999986
-33.63684210526316,445.2631578947362,87.36842105263167,0.0,0.0,0.0,0.0,0.0,4.249999999999993,4.249999999999993,4.249999999999993,8.399999999999986
-34.0421052631579,450.526315789473,88.42105263157904,0.0,0.0,0.0,0.0,0.0,4.299999999999993,4.299999999999993,4.299999999999993,8.499999999999986
-34.44736842105264,455.78947368420984,89.47368421052641,0.0,0.0,0.0,0.0,0.0,4.3499999999999925,4.3499999999999925,4.3499999999999925,8.599999999999985
-34.852631578947374,461.05263157894666,90.52631578947378,0.0,0.0,0.0,0.0,0.0,4.399999999999992,4.399999999999992,4.399999999999992,8.699999999999985
-35.25789473684211,466.3157894736835,91.57894736842115,0.0,0.0,0.0,0.0,0.0,4.449999999999992,4.449999999999992,4.449999999999992,8.799999999999985
-35.66315789473685,471.5789473684203,92.63157894736852,0.0,0.0,0.0,0.0,0.0,4.499999999999992,4.499999999999992,4.499999999999992,8.899999999999984
-36.068421052631585,476.8421052631571,93.6842105263159,0.0,0.0,0.0,0.0,0.0,4.549999999999992,4.549999999999992,4.549999999999992,8.999999999999984
-36.47368421052632,482.10526315789394,94.73684210526326,0.0,0.0,0.0,0.0,0.0,4.599999999999992,4.599999999999992,4.599999999999992,9.099999999999984
-36.87894736842106,487.36842105263077,95.78947368421063,0.0,0.0,0.0,0.0,0.0,4.6499999999999915,4.6499999999999915,4.6499999999999915,9.199999999999983
-37.284210526315796,492.6315789473676,96.842105263158,0.0,0.0,0.0,0.0,0.0,4.699999999999991,4.699999999999991,4.699999999999991,9.299999999999983
-37.68947368421053,497.8947368421044,97.89473684210537,0.0,0.0,0.0,0.0,0.0,4.749999999999991,4.749999999999991,4.749999999999991,9.399999999999983
-38.09473684210527,503.15789473684123,98.94736842105274,0.0,0.0,0.0,0.0,0.0,4.799999999999991,4.799999999999991,4.799999999999991,9.499999999999982
-38.50000000000001,508.42105263157805,100.00000000000011,0.0,0.0,0.0,0.0,0.0,4.849999999999991,4.849999999999991,4.849999999999991,9.599999999999982
-38.905263157894744,513.6842105263149,101.05263157894748,0.0,0.0,0.0,0.0,0.0,4.899999999999991,4.899999999999991,4.899999999999991,9.699999999999982
-39.31052631578948,518.9473684210518,102.10526315789485,0.0,0.0,0.0,0.0,0.0,4.94999999999999,4.94999999999999,4.94999999999999,9.799999999999981
-39.71578947368422,524.2105263157887,103.15789473684222,0.0,0.0,0.0,0.0,0.0,4.99999999999999,4.99999999999999,4.99999999999999,9.89999999999998
-40.121052631578955,529.4736842105256,104.2105263157896,0.0,0.0,0.0,0.0,0.0,5.04999999999999,5.04999999999999,5.04999999999999,9.99999999999998
